name: ZHAW-DSF-Summer-School
channels:
  - nvidia
  - pytorch
  - conda-forge
  - defaults
dependencies:
  - ipykernel
  - asttokens=3.0.0=pyhd8ed1ab_1
  - bzip2=1.0.8=h2466b09_7
  - ca-certificates=2025.8.3=h4c7d964_0
  - colorama=0.4.6=pyhd8ed1ab_1
  - comm=0.2.3=pyhe01879c_0
  - debugpy=1.8.16=py312ha1a9051_0
  - decorator=5.2.1=pyhd8ed1ab_0
  - exceptiongroup=1.3.0=pyhd8ed1ab_0
  - executing=2.2.0=pyhd8ed1ab_0
  - importlib-metadata=8.7.0=pyhe01879c_1
  - ipykernel=6.30.1=pyh3521513_0
  - ipython=9.5.0=pyh6be1c34_0
  - ipython_pygments_lexers=1.1.1=pyhd8ed1ab_0
  - jedi=0.19.2=pyhd8ed1ab_1
  - jupyter_client=8.6.3=pyhd8ed1ab_1
  - jupyter_core=5.7.2=py312h2e8e312_0
  - krb5=1.21.3=hdf4eb48_0
  - libexpat=2.7.1=hac47afa_0
  - libffi=3.4.6=h537db12_1
  - liblzma=5.8.1=h2466b09_2
  - libsodium=1.0.20=hc70643c_0
  - libsqlite=3.50.4=hf5d6505_0
  - libzlib=1.3.1=h2466b09_2
  - matplotlib-inline=0.1.7=pyhd8ed1ab_1
  - nest-asyncio=1.6.0=pyhd8ed1ab_1
  - openssl=3.5.2=h725018a_0
  - packaging=25.0=pyh29332c3_1
  - parso=0.8.5=pyhcf101f3_0
  - pickleshare=0.7.5=pyhd8ed1ab_1004
  - pip=25.2=pyh8b19718_0
  - platformdirs=4.4.0=pyhcf101f3_0
  - prompt-toolkit=3.0.52=pyha770c72_0
  - psutil=7.0.0=py312he06e257_1
  - pure_eval=0.2.3=pyhd8ed1ab_1
  - pygments=2.19.2=pyhd8ed1ab_0
  - python=3.12.11=h3f84c4b_0_cpython
  - python-dateutil=2.9.0.post0=pyhe01879c_2
  - python_abi=3.12=6_cp312
  - pywin32=311=py312h829343e_1
  - pyzmq=27.0.2=py312h65432d7_1
  - setuptools=80.9.0=pyhff2d567_0
  - six=1.17.0=pyhe01879c_1
  - stack_data=0.6.3=pyhd8ed1ab_1
  - tk=8.6.13=h2c6b04d_2
  - tornado=6.5.2=py312he06e257_0
  - traitlets=5.14.3=pyhd8ed1ab_1
  - typing_extensions=4.15.0=pyhcf101f3_0
  - ucrt=10.0.26100.0=h57928b3_0
  - vc=14.3=h2df5915_10
  - vc14_runtime=14.44.35208=h818238b_31
  - vcomp14=14.44.35208=h818238b_31
  - wcwidth=0.2.13=pyhd8ed1ab_1
  - wheel=0.45.1=pyhd8ed1ab_1
  - zeromq=4.3.5=ha9f60a1_7
  - zipp=3.23.0=pyhd8ed1ab_0
  - pip:
      - beautifulsoup4==4.13.5
      - bertopic==0.17.3
      - certifi==2025.8.3
      - cffi==1.17.1
      - charset-normalizer==3.4.3
      - click==8.2.1
      - contourpy==1.3.3
      - curl-cffi==0.13.0
      - cycler==0.12.1
      - filelock==3.19.1
      - fonttools==4.59.2
      - frozendict==2.4.6
      - fsspec==2025.7.0
      - hdbscan==0.8.40
      - huggingface-hub==0.34.4
      - idna==3.10
      - jinja2==3.1.6
      - joblib==1.5.2
      - kiwisolver==1.4.9
      - llvmlite==0.44.0
      - markupsafe==3.0.2
      - matplotlib==3.10.6
      - mpmath==1.3.0
      - multitasking==0.0.12
      - narwhals==2.3.0
      - networkx==3.5
      - nltk==3.9.1
      - numba==0.61.2
      - numpy==2.2.6
      - pandas==2.3.2
      - patsy==1.0.1
      - peewee==3.18.2
      - pillow==11.3.0
      - plotly==6.3.0
      - protobuf==6.32.0
      - pycparser==2.22
      - pynndescent==0.5.13
      - pyparsing==3.2.3
      - pytz==2025.2
      - pyyaml==6.0.2
      - regex==2025.8.29
      - requests==2.32.5
      - safetensors==0.6.2
      - scikit-learn==1.7.1
      - scipy==1.16.1
      - seaborn==0.13.2
      - sentence-transformers==5.1.0
      - soupsieve==2.8
      - statsmodels==0.14.5
      - sympy==1.14.0
      - threadpoolctl==3.6.0
      - tokenizers==0.22.0
      - torch==2.8.0
      - tqdm==4.67.1
      - transformers==4.56.0
      - tzdata==2025.2
      - umap-learn==0.5.9.post2
      - urllib3==2.5.0
      - websockets==15.0.1
      - wordcloud==1.9.4
      - yfinance==0.2.65
